107978
108191
108240
108438
108413
108378
107548
108351
107756
107624
107734
107397
108167
107575
108445
108394
107599
107639
107803
107833
108176
108089
107535
107636
107746
107723
107378
107403
107918
107770
108227
107754
108102
107700
107849
107986
108355
107832
107760
108450
108358
108149
108327
107985
108066
107821
107680
107446
107582
107663
107580
108006
107388
108313
107740
107402
108418
108288
107782
107456
107930
108027
107765
108337
108385
107442
108019
108053
107729
107949
108469
107577
107488
108235
107889
108310
108425
107443
107364
107825
108423
107371
107890
107632
107674
107559
107853
108329
107564
107450
107472
107565
108399
108055
107643
107682
107516
108160
108373
108018
