447887
448472
447996
448040
448562
448167
447596
448301
448195
447612
448166
447738
447894
448230
447748
448255
447732
448511
448296
448132
447677
448271
447651
448504
447891
448421
448579
448039
447519
447700
448538
448320
448455
447510
448385
447644
448528
447858
447580
447581
448075
448263
448561
448574
447635
448185
447794
447797
447955
447680
447856
448139
447755
448313
447614
447915
447831
447877
448254
447568
448187
448445
448567
448016
448158
448083
448097
448524
448495
448144
447552
447472
448431
448399
448058
447591
448570
447898
447860
448378
447719
448232
447648
448564
447782
448573
447690
448127
447874
447504
448201
448137
448104
448066
448304
447530
447652
447910
447670
447650
