436094
435955
435651
148774
436124
150214
435563
150319
148627
148870
148761
150839
435473
436598
147893
149772
435314
149214
150464
148779
436498
148924
435870
150047
436355
150754
148174
149619
150571
150288
150182
150614
150582
436017
148072
150627
149882
150099
148227
149997
148170
148578
148167
149282
150083
149939
148751
148986
148412
150093
148260
150652
148970
149462
150330
148005
435625
148291
436063
149959
149396
147849
150780
435614
435930
436197
150697
150305
148550
148146
148084
150714
149058
150575
435517
148325
160030
149101
150480
148554
149122
150661
149832
435499
149597
149255
148273
150331
148922
150702
148540
150591
150010
150722
150222
150693
149456
148599
436457
436189
