156078
155681
156169
155992
156067
155663
155768
156121
155932
155907
155660
155901
155765
155643
156136
155763
156003
155676
155902
156188
155859
155876
155749
156044
155957
156075
156089
156101
155840
155729
156102
156084
155684
156028
155898
155761
155805
156190
155952
156047
156179
156180
156123
155715
155865
155979
155687
155999
155678
156187
156059
156143
156064
155874
155776
155796
156009
156091
155698
156095
155705
155800
156074
155700
155622
155892
155828
156041
156016
156073
156000
155862
156173
155848
155614
156097
155667
155774
155919
156071
156178
155656
155856
156175
156025
155696
155953
155831
156151
156068
155739
155938
156077
156184
156108
155835
155786
155964
155845
156087
