137667
137276
136975
138200
138128
136964
138088
137015
137555
136697
136968
138316
137146
137207
138336
137540
137085
137624
136635
137659
137439
138102
137407
137996
137501
137639
137730
137446
137778
137252
136945
137213
136689
137761
137072
137263
136917
137714
138072
137414
137647
136863
138137
136722
136894
136775
137134
138111
137861
137811
136688
137336
137585
137847
136723
136715
136659
137527
137251
137702
136588
137380
138218
137450
137070
137237
137734
136890
136887
137544
137965
137013
136798
138289
138266
137579
137961
137084
136797
137403
136836
136855
137806
136816
136671
138208
137264
136858
136913
137581
137694
137718
136613
137473
137011
136981
137493
136719
138279
137835
