135900
135577
135572
135840
135988
135827
135559
135907
135743
136078
135816
135979
135765
136029
135817
135836
136134
135963
135864
135822
136010
136079
136017
136033
135924
135652
135722
135637
135599
135731
135879
136132
135942
135659
135866
135689
135638
136008
135615
135543
135909
135811
136011
135793
136021
135680
135610
136122
136128
136040
135877
135823
135710
135985
135937
136130
135820
135636
135627
135606
136144
135716
135967
135762
135554
135698
135798
136110
136133
135804
136070
135797
136127
135861
135927
135645
135544
136116
135814
135800
135842
135903
135613
135661
135634
136105
135852
135983
135813
135853
135764
135911
136069
135675
135782
135995
135809
136107
135775
135747
