146755
146429
146939
147024
146910
146447
146603
146455
146963
146991
146272
146955
146385
146907
146420
146456
146573
146913
146702
146996
146897
146386
147070
146368
146329
147038
146473
146280
146797
146396
146475
146528
146839
146543
146974
146499
146969
146514
146692
146690
147010
146500
146743
146714
159955
146656
146610
146986
146508
146313
146962
146381
146495
146625
146753
147073
146959
146529
146788
147089
146560
146479
147006
146658
146713
146733
147087
146547
146402
146453
146559
146711
146664
146769
146834
146486
146767
146719
146635
146621
147047
146606
146784
147082
146476
146663
146445
146273
146885
146725
146269
146891
146798
147118
146880
146760
146552
147101
146915
146709
