105568
105764
105448
105824
105365
105635
105411
105650
105653
105400
105583
105493
105541
105323
105691
105585
105466
105316
105437
105570
105430
105682
105555
105606
105324
105361
105513
105651
105330
105335
105784
105609
105787
105358
105765
105467
105483
105793
105732
105704
105464
105660
105632
105767
105720
105317
105703
105611
105729
105415
105747
105740
105457
105607
105556
105766
105496
105795
105726
105577
105718
105754
105730
105581
105543
105818
105641
105737
105663
105598
105526
105438
105505
105498
105763
105773
105452
105752
105781
105525
105709
105804
105425
105805
105382
105369
105769
105374
105313
105820
105392
105305
105688
105336
105794
105359
105314
105405
105714
105693
