444576
7330
9025
19081
21213
8667
8972
11057
30677
16755
3985
19765
4765
25325
14531
24369
29457
18303
444637
26163
20711
29517
11936
7208
20390
144493
29929
444407
28254
21143
23537
444890
6041
10124
18449
19800
26918
18616
12046
14295
24564
13507
12756
27337
27598
6398
4066
18759
12153
31437
19266
28992
10599
27409
19302
4394
22762
15202
22485
27807
11703
10323
26143
15973
11386
4662
8569
22753
30478
30190
444519
7667
30195
12082
23927
27506
16995
29028
25443
8656
31546
7313
6285
17054
23248
26053
22788
445290
29006
7962
24071
17017
22888
24122
17672
26380
19351
16285
31331
15812
