426424
426069
426375
438255
426044
426020
426456
426036
438292
426110
426993
426088
426959
426390
426195
425888
426011
426480
426184
426423
426258
426879
426454
426297
426243
438161
438199
426147
438134
426912
438357
426213
438241
438104
426925
426030
438298
426402
426989
425956
426460
425938
425897
438173
426882
438224
438351
426307
426145
426034
438301
426406
426164
426941
425967
426051
426384
426379
426892
426265
426491
426169
426157
426256
438152
438342
438318
426130
426336
425920
438336
425954
426316
426992
426325
426457
438325
438100
426404
438330
438159
438259
426479
426994
438097
426002
425909
438334
426995
438233
425885
426279
425989
426064
426428
426298
426409
426883
438105
426085
