35225
105007
105021
34946
105048
104842
35062
34866
34886
104940
34996
35402
105075
105079
35433
35259
35019
34896
104827
104932
35002
104954
35281
35067
35300
104876
35420
105003
34913
35066
34915
35227
34975
104926
104825
35084
35167
35080
105128
35449
35443
104882
35342
104890
35118
105087
104977
34871
104824
35104
34882
35078
34944
105097
35060
105107
35244
35309
35161
35438
105143
104799
35168
35266
35252
104913
105110
35319
104978
35426
34978
105127
35288
104999
35346
104990
35110
35176
105148
104924
35226
104828
105015
104934
104966
35366
35117
34892
105103
105058
34986
34992
35454
104900
104988
34969
35344
104870
105093
35233
