157923
157824
157688
157474
157765
157865
157750
157767
157611
157758
157795
157452
157748
157617
157425
157888
157779
157542
157815
157925
157486
157735
157775
157845
157755
157718
157868
157488
157597
157532
157515
157887
157720
157469
157473
157432
157762
157731
157794
157830
157622
157456
157410
157458
157663
157918
157527
157398
157606
157430
157780
157668
157680
157909
157529
157860
157798
157787
157625
157899
157493
157797
157626
157813
157646
157816
157631
157492
157648
157905
157848
157526
157857
157843
157694
157580
157615
157446
157559
157630
157812
157519
157613
157471
157563
157575
157895
157912
157440
157882
157449
157869
157759
157517
157658
157770
157682
157875
157764
157698
