52186
52611
52719
51869
53795
52795
53467
53642
53542
53046
53658
52050
52021
53021
51872
53517
53607
52136
52424
52596
51940
52467
52793
53050
52168
53896
52389
52888
53782
53643
52968
53629
53885
53152
52782
53079
52831
52441
52899
53593
53841
53011
52563
53396
52725
53212
52158
52592
53746
53029
52826
52458
53068
53044
53473
51860
52165
52183
52664
52981
52497
52024
53531
53878
52421
52000
52583
52714
52432
53087
52498
51964
53199
51961
52390
52972
53315
52661
53163
53356
53863
53712
51865
52138
53625
52686
53425
53574
53686
53793
53654
51864
51867
52526
53773
52630
53400
53605
52855
53264
