143478
56966
138919
139509
139774
139523
140110
56900
56809
140135
139347
139754
139350
56832
141181
56570
142566
56556
139904
56196
143394
139689
140943
56736
140189
143506
140256
140226
139552
143284
139995
141209
142962
57284
141296
142587
139889
57278
143090
141059
138954
141078
56269
143295
56968
139309
142845
139970
142725
139518
141337
56640
140417
142970
140284
57160
142553
138922
57129
140407
141225
139328
143524
139236
56475
57176
140972
140008
56822
139490
140343
139998
142595
56962
141380
138982
142730
56860
140254
140153
142604
143252
142766
139670
143379
56319
57199
56694
141055
142748
139683
140187
140009
140026
56293
143371
56971
139143
141293
142544
