428216
427049
428391
427209
428624
428050
429986
428556
429705
429279
434242
433934
427270
433324
429950
427091
430788
430818
431046
430054
433743
430500
429057
430785
429468
435195
435198
430315
433312
427009
433457
433835
433342
430053
429184
429196
429749
433601
430353
430308
427182
433574
427219
433389
430896
430792
429421
430639
427558
428324
427142
433841
427327
427794
433818
430192
430244
429093
430519
429642
427816
433684
429231
428480
433498
427141
428066
433827
430884
427654
430943
433986
430488
427748
427730
428106
429481
427530
428587
427859
433148
427284
433960
430914
429768
428257
433559
431200
428168
434160
427358
433724
428402
433735
429819
429130
431156
430248
433657
429455
