110410
106365
106961
110627
144824
110424
106979
144706
144981
144831
144847
106558
145162
145101
106428
144916
145103
106466
110731
144699
106538
145165
106545
145161
106610
106695
144632
144624
106701
106618
106698
144730
106842
106696
110503
110398
106433
145182
106570
106493
110481
106512
110884
110943
106668
110634
144881
144827
106456
106806
145024
110427
106661
145116
110630
144693
110853
144788
110907
106524
110873
144619
106716
110888
110723
106479
110626
110698
110697
144885
110572
144739
145199
106650
145183
106868
145252
110543
145127
110447
144887
144783
110773
106919
110404
144801
110905
144978
110704
145037
145168
110332
106766
110786
110375
110587
106688
110767
144671
106594
