152946
153251
152692
152461
153032
152943
152737
152966
152673
153145
153221
152456
153180
153141
152842
153127
152626
437536
153159
152608
153088
152839
152491
153212
152776
153099
152518
153229
152601
152521
152877
153114
152535
153241
153132
153096
152572
153051
152582
152849
152950
152793
152599
152838
152930
152610
153034
153036
152772
152886
152856
152444
153215
152680
152466
153142
152660
153240
152910
152509
152816
152978
153161
152885
152796
152451
152921
152709
153250
152875
152534
152876
153227
152592
152419
152584
152664
152812
153217
152818
153067
152874
152602
152485
152573
153259
152736
152980
152935
152659
153171
152922
152443
153010
152682
153053
153029
152549
152470
153107
