33610
34353
33865
34137
34134
33650
33826
34086
34378
34424
34298
34240
33969
34455
33611
34405
34164
33915
33818
34212
34085
34147
33920
34051
34390
33961
34179
33883
34073
33616
33634
33804
34203
33906
33801
33978
34217
33800
34170
33776
34022
34397
34469
33679
34092
34198
33922
34328
33901
34189
34099
33697
34223
33721
34257
34273
34132
33837
33631
33926
33840
34433
33656
33789
34296
33728
34041
33677
33995
33830
34385
33662
34368
34410
33700
33810
34105
34355
34140
34228
34158
33719
34290
33992
33849
34393
33977
34352
34035
34300
34344
33835
34411
34325
34303
34177
33980
33643
33698
34066
