439174
449700
449778
440464
443077
453069
450248
445715
439230
454291
441326
453240
454067
441378
442479
441190
439545
440785
442653
440825
453886
441308
450652
443181
439560
442409
446754
443303
453320
450491
446597
450249
442725
443743
447008
442394
451964
445965
453925
440362
439528
452139
446251
440777
452390
440430
442334
439486
440884
445727
443258
453491
446813
452207
452790
449611
452131
440864
453005
446176
443132
445389
452181
446397
438879
450254
452531
440051
442630
440836
449531
439248
449619
439133
451989
446628
452179
452733
450380
438843
439268
452710
442698
452210
446094
446580
449951
454282
454114
452901
445647
453347
440123
443015
443525
439791
438848
441227
440393
438727
