128382
126625
101039
133759
70746
77663
91192
112581
120814
83759
84714
82368
82964
65788
73359
130344
69549
85948
117131
112664
83137
93101
81757
82451
111998
101853
74044
86671
75944
115923
127132
67793
125545
80236
82264
73380
117018
132448
76936
74788
86762
87929
134739
127922
133848
100286
130443
94406
87717
132777
67298
120314
100944
98636
92066
128651
101609
73482
82815
74298
73572
82143
74142
80047
80619
65083
85592
130453
114804
76602
64972
90613
129566
89387
83100
113881
112350
69199
90307
66352
92818
101515
112214
79299
66520
128956
124396
84168
78317
74735
69744
134397
70304
67084
76145
126294
132541
94102
131655
97809
